0.9999824555165904 -5.9256579730591764e-18 -3.318515545819068e-17 -6.657377959836805e-18 -2.6822232790721546e-19 -1.0343912526845537e-19 1.5710481601166438e-20
-9.746719027108241e-17 0.0059234695599584995 3.005117695988054e-17 -7.61501875941449e-19 -4.0450888089790026e-20 4.8271180266112966e-20 -1.5047045906861174e-21
-6.455856814921153e-17 2.3189350034820515e-17 3.416516522631561e-5 -6.102765257370649e-19 -4.278107293392929e-20 1.679920219500439e-20 1.3154874710785853e-23
2.439567767781791e-17 -4.755360386394749e-18 5.389303411681659e-19 3.5219840585869005e-7 -9.5045423444561e-21 -1.1644100398699548e-20 9.181151369197358e-22
-2.0683389294859896e-18 3.0404418998418585e-19 -5.613321772445745e-20 3.570821145524392e-21 4.810232959844038e-9 1.5316974002685772e-21 -7.385112656318237e-23
-1.7077661890849811e-18 2.5043270574941276e-19 -3.2366774117655755e-20 4.437833555616897e-21 1.0849207827933926e-21 1.2792768393590557e-9 -3.65251629284937e-23
-5.5894614252484255e-19 2.1074306244368394e-19 -1.9300961825165538e-20 1.1916979605783494e-21 2.403925227122651e-22 3.3507669903798613e-22 2.1332251878069797e-11
0.0 0.0 0.0 0.0 0.0 0.0 0.0
-4.4358608528537054e-5 0.03618991314785502 0.00023293326856175332 0.00019609186485912967 -6.5012129305668605e-6 1.8333286629128238e-6 -7.392931174978751e-7
0.9946572479155179 0.007488042003825945 0.0003186185156887424 6.91970343755331e-6 -1.4130287748759113e-6 -8.961933462927599e-7 4.8314367998804456e-8
0.09567219949735208 0.009428890508153282 7.729479188097096e-5 -2.2499862998240856e-6 -1.2921404457876283e-7 1.771946172454588e-8 3.0056634079841313e-9
0.0055419698194250815 -0.0007734854794706875 -6.282344642554511e-5 1.7516879315170927e-6 -4.299846411425094e-8 -5.01008085801833e-9 -1.4299428085700223e-9
-0.0041801767712841345 -0.0002607741969047825 -6.79060672163431e-6 -7.678192108699783e-7 1.928750347812915e-8 -1.0884067545580993e-10 -2.2953481518726625e-10
-0.0001908338694678402 3.265052263499553e-5 3.60375524356536e-6 -1.996784122639483e-7 3.142818249078587e-10 -3.624172808444656e-9 1.937943724293554e-10
-8.360091101615985e-5 2.2446169446335843e-5 1.148866624924939e-6 -2.6125738079579008e-8 -5.096699933428276e-9 -4.144594055071035e-9 3.395013010641426e-10
0.0 0.0 0.0 0.0 0.0 0.0 0.0
-1.2638611092915994e-5 -0.9992499511105514 -0.007997990045884414 -0.007288865101516168 0.00024658400586828426 -2.1263604342917313e-5 2.805559162811061e-5
0.03569997813393881 0.002133422958796631 -0.007651879911277375 0.0003063053843555178 3.1890511057690546e-5 4.4081013624135755e-5 -3.880698920117671e-6
0.0066629588435263625 0.00043783683384695377 3.2876282461823965e-5 5.136035584303385e-5 -3.1395823982979557e-7 -4.261682196163662e-6 1.0664012829330385e-7
6.866984477690273e-5 -5.186342394714893e-5 -1.440527652966225e-6 5.01015356923465e-7 2.944281247319959e-7 3.342820165988186e-7 -1.4975374342116846e-8
-0.00030224332159040204 -1.7560543652169718e-5 -7.530506862625231e-7 -3.2653690121935616e-9 2.2051218914561574e-8 2.185610400355441e-8 8.988120761114691e-11
-8.274253750096074e-6 2.984521341389212e-6 2.1984845410513786e-7 -1.070095589438262e-8 3.846696926079711e-10 -3.3762481308536425e-9 8.674789725671021e-10
1.0614049867115985e-7 1.7505894957027054e-6 7.03571084622093e-8 -3.806047756336167e-9 9.386439304603377e-11 3.2806980749622744e-10 8.036224982955182e-11
0.0 0.0 0.0 0.0 0.0 0.0 0.0
0.0002938574604043042 -0.0032826679266808856 -0.0010997391325960552 1.3742573839240247e-5 7.420143768289055e-6 7.538258238787315e-6 -4.436056634627513e-7
0.09491105814824657 -0.0496042020239614 -0.0007576195256424782 -0.00023917638768145317 1.0558484936242827e-5 -1.0605832549839025e-6 8.234176776241721e-7
-0.9851106100276885 -0.014207781031942944 -0.0006825736434534898 -2.118229872978729e-5 3.320816037761468e-6 1.5133326852610448e-6 -4.335129513960498e-8
0.12345983840716453 0.01033640952614387 0.00016529719295279107 -1.092967970400222e-5 -1.2384826496384495e-7 -5.08330537964023e-8 2.611413823186541e-8
0.0498830529449123 0.001173709997788283 -3.648771959605222e-5 2.9736840963256748e-6 -2.2651114032260482e-7 -8.124337249137548e-8 8.063001452412966e-10
-0.004267217119635312 -0.0007472537752856903 -1.6557461079149413e-5 3.622668072937257e-7 3.059028851373385e-9 -5.297826912340954e-9 -1.6302746831117655e-9
-0.003944889725842422 -0.0003756113095594799 -5.909837122137366e-6 -4.991569461951938e-7 2.9305276098648037e-8 1.0712546416201036e-8 -1.8183869175706573e-9
0.0 0.0 0.0 0.0 0.0 0.0 0.0
0.005884786843347733 -0.0012759754716021438 -0.03798063229503665 0.0019709742802035734 0.0002555709694435678 0.0002906614329710948 -2.433091684656896e-5
0.0035722315486866186 -0.9933777775066299 -0.017289811567626205 -0.006472156641433154 0.00028481686894905016 2.850722236499096e-6 2.340645567952486e-5
0.05060614534836 -0.09226451503220261 -0.0128935506246491 -9.921934036438708e-5 7.160200202948244e-5 5.614733542245898e-5 -3.142092234189799e-6
-0.007502612130967105 -0.0063880456387672155 0.0009122208239072008 -0.0001729163936846607 -1.0173758934598954e-6 3.3607440902753835e-6 3.9091483270636015e-7
-0.003092021337314174 0.004029763932979156 0.00036227276451586095 6.043340585627627e-6 -2.9341572569372417e-6 -1.6484937945237113e-6 6.314536616657083e-8
0.0002882896915134878 0.0002447784654359401 -3.8120027363557615e-5 8.25902183492623e-6 -6.340641020128107e-8 -3.720482013972542e-7 -9.471912792543138e-9
0.000259544824185254 0.00011609404805246255 -2.704644835608797e-5 3.436502064055506e-6 5.2589341724025216e-8 2.4296637843259375e-10 -1.478375880926666e-8
0.0 0.0 0.0 0.0 0.0 0.0 0.0
-0.0002206381777665181 0.0075975636564620695 -0.9973886482359453 0.05886577804230773 0.007678894898032037 0.008408590988741938 -0.0007292662090029673
-0.00032380426157907016 0.037243573139975075 0.0033748424792056663 0.009102512780267105 -0.0003493531332836425 -0.0010042233982121443 1.5856557897074843e-5
-0.0009834981557048416 0.008859068171079731 0.0006770945121846198 -1.3855094374047116e-5 -4.149922881662412e-5 -5.457199925738974e-5 4.475357181665391e-6
-0.0002734918055856291 -3.913922343429978e-5 -9.545074304838038e-5 5.50315778589638e-6 -6.290020673021208e-7 3.007920270142842e-8 -1.6676086588262208e-7
4.893572576915662e-5 -0.00040336831851091163 -3.037293069613388e-5 -8.185078256119336e-7 1.7198623354641117e-7 6.005655977727206e-8 -1.8091068185996783e-8
3.118344040138875e-5 -8.171956866045813e-6 5.540838459788351e-6 -6.611390138136662e-7 -1.2383237718196172e-8 5.198849951026582e-9 4.843918428072614e-10
1.637255678829648e-5 2.8452765089081667e-6 3.1892430629904962e-6 -2.260789524762606e-7 -1.0798885914381972e-8 -3.0231236801314064e-9 6.432194384485159e-10
