0   3.02625   2.82992   0.962588
1   3.02628   2.63748   0.964166
2   3.04851   3.33588   0.962355
3   3.02502   3.2239   0.962622
4   3.01705   2.72178   0.963455
5   3.02067   2.39937   0.962411
6   3.02976   3.10382   0.9638
7   3.02241   2.55993   0.963144
8   3.04651   7.822   0.963422
9   3.00926   3.08609   0.962777
10   3.0362   4.00468   0.963477
11   3.01022   2.16965   0.9621
12   3.0185   2.17096   0.963488
13   3.03977   6.11382   0.9645
14   3.03761   3.47039   0.963211
15   2.99894   1.9349   0.962533
16   3.02466   4.56958   0.963044
17   3.02826   2.48747   0.964411
18   3.02904   3.48134   0.962711
19   3.03036   4.13299   0.963966
20   3.02432   2.38465   0.963966
21   3.03089   2.79625   0.962677
22   3.03293   3.61885   0.963544
23   3.03209   2.77311   0.963866
24   3.03524   4.01325   0.962666
25   3.02426   3.03733   0.963011
26   3.01974   3.35072   0.964633
27   3.03178   2.97973   0.963677
28   3.03574   9.51012   0.963388
29   3.02258   2.24044   0.963822
30   3.01845   8.21048   0.963822
31   3.04035   4.61772   0.964688
32   3.02187   2.81032   0.962822
33   3.04787   2.62176   0.963066
34   3.02158   2.35333   0.962544
35   3.03392   2.45831   0.9632
36   3.04155   23.6681   0.963022
37   3.0152   2.68764   0.963422
38   3.02932   3.4276   0.962888
39   3.0272   4.04908   0.963322
40   3.0259   3.99659   0.964255
41   3.00585   1.88435   0.963011
42   3.03941   5.19076   0.962722
43   3.01914   2.47485   0.962711
44   3.01434   3.52644   0.962377
45   3.02059   10.6748   0.964
46   2.99884   2.90458   0.962655
47   3.03249   2.47771   0.963122
48   3.02292   14.6333   0.964233
49   3.03514   2.33736   0.963511
50   3.04596   7.10024   0.9627
51   3.02437   3.70534   0.963866
52   3.01756   3.1489   0.963288
53   3.02707   3.03043   0.964177
54   3.02566   2.79439   0.962322
55   3.01993   3.48592   0.963255
56   3.02571   2.417   0.962744
57   3.04809   3.40597   0.963433
58   3.02724   2.71371   0.963355
59   3.06709   8.79231   0.964422
60   3.04165   9.05085   0.963333
61   3.03113   6.67871   0.963633
62   3.05359   5.08382   0.964
63   3.02424   3.33905   0.962355
64   3.04043   3.65924   0.964233
65   3.02885   4.35674   0.963266
66   3.03592   2.70602   0.963577
67   3.03929   3.55268   0.9636
68   3.0043   2.44882   0.962611
69   3.0408   13.9834   0.964044
70   3.03196   3.81712   0.963177
71   3.02695   12.6135   0.963488
72   3.03883   4.91497   0.962733
73   3.03536   3.53576   0.962888
74   3.03558   2.92602   0.963855
75   3.04251   3.9822   0.963344
76   3.03326   4.33609   0.962544
77   3.03116   5.63917   0.962755
78   3.03504   2.96799   0.963266
79   3.03518   3.00421   0.963477
80   3.02014   2.26756   0.962111
81   3.03125   3.21215   0.963677
82   3.02679   2.74277   0.962522
83   3.03403   4.76459   0.962833
84   3.02579   3.49855   0.962433
85   3.03858   3.77105   0.964822
86   3.03221   3.5713   0.963988
87   3.02186   3.18475   0.964422
88   3.02954   5.90816   0.962844
89   3.01365   3.17847   0.962044
90   3.02316   3.10383   0.963944
91   3.03917   4.83064   0.963033
92   3.02395   2.8226   0.963255
93   3.04578   4.47396   0.962733
94   3.02538   3.48493   0.963944
95   3.01987   2.77776   0.963455
96   3.03589   4.76921   0.964055
97   3.03587   3.36811   0.963
98   3.03472   4.25697   0.964366
99   3.03519   2.58426   0.963677
