0.9112404771609183 0.27699570256546996 0.043029667799363396 0.00612929051877144 0.0008654869893197131 5.298076956414031e-5 -3.9805775803455165e-5
-0.2710230268664949 -0.07851662144327817 -0.01150002493414119 -0.0015762928009958334 -0.00021516056451237076 -1.1773772369404755e-5 1.1041152002465807e-5
0.09670985846786964 0.027008733156991913 0.0037824547531784105 0.0005033964095901546 6.67979604953778e-5 3.342102190059126e-6 -3.689864874074733e-6
-0.03154398965336526 -0.008490456155013315 -0.0011369510539791022 -0.00014680273716356028 -1.887734936824483e-5 -8.615836721610483e-7 1.1108853166616417e-6
0.00955507924825881 0.0024890729760963077 0.0003205106171791359 4.023244288107616e-5 5.012194138919662e-6 2.111570856033564e-7 -3.0767232286552305e-7
-0.0027041706999998 -0.0006882761145477646 -8.634771145600907e-5 -1.0601289921124237e-5 -1.2853016147936956e-6 -5.176257448920903e-8 7.928202655019892e-8
0.0007022428505973472 0.00017609675630199931 2.175648193973939e-5 2.627271228892885e-6 3.117701054962556e-7 1.2345220085527537e-8 -1.8812439803683026e-8
0.0 0.0 0.0 0.0 0.0 0.0 0.0
-0.2470130677179997 0.854788957552078 0.3284104072998304 0.05790129541709961 0.008379663344467944 0.0008860973815438307 6.039973887815951e-5
0.1491496137157736 -0.23115243913084163 -0.08916309470449116 -0.01488028963268524 -0.0020667242882372204 -0.00020644613952139647 -1.5661174574089195e-5
-0.06773732867585644 0.0786194635298371 0.030031750303163733 0.004794575922943493 0.0006454317062696858 6.132853449531858e-5 4.94629085001746e-6
0.025384198191426215 -0.024914061273225145 -0.009319719459478763 -0.0014209776383663413 -0.0001853444628830991 -1.6641857929661763e-5 -1.3985315902955288e-6
-0.008212847449682896 0.007469540635939667 0.0027169774140154957 0.0003974555005352614 5.036592743197421e-5 4.2762131356295985e-6 3.6406538375518026e-7
0.002298325311080261 -0.0021386311920868002 -0.0007538652293675754 -0.00010718714382764511 -1.3289593441179133e-5 -1.0813882338861675e-6 -8.839047607452752e-8
-0.0005713421400272131 0.000565539357928499 0.0001940799113895064 2.712224637085185e-5 3.309415752094821e-6 2.6196482534641814e-7 2.0084101649617783e-8
0.0 0.0 0.0 0.0 0.0 0.0 0.0
-0.3061744932924327 -0.012961203433355701 0.015232621953034766 0.003113717546908519 0.00043980920370912025 5.9239945984057614e-5 1.9454679772715508e-5
-0.7694905568282864 -0.2664764853672906 -0.047771714953534224 -0.0071196218472274345 -0.0010107703652477715 -7.23816074399773e-5 3.3257116570302676e-5
0.4295689626050039 0.13776486014931474 0.022705407063210156 0.003236617646102689 0.0004467891505274929 2.845268465503914e-5 -1.783522514700679e-5
-0.1725780436804265 -0.05235633865750409 -0.008092471060718993 -0.001108117158168425 -0.00014804279281122577 -8.45612355002886e-6 6.696736403763994e-6
0.05670278297454857 0.016470728032395455 0.0024204985774969505 0.00031997120526888387 4.1332959216529614e-5 2.15045401479932e-6 -2.0232791832781865e-6
-0.015374295002534698 -0.004312842784688181 -0.0006093493501848311 -7.803740659637317e-5 -9.733028572876161e-6 -4.6960166385870307e-7 4.969501565079246e-7
0.0036333520164268085 0.0009925876397852715 0.00013628393955009385 1.6990891781171395e-5 2.0500258671839076e-6 9.382463803309555e-8 -1.0583514842146524e-7
0.0 0.0 0.0 0.0 0.0 0.0 0.0
-0.011034155764199699 0.0888888099177612 0.32702763364972226 0.12494430763337289 0.02279722514622761 0.0032801715780222543 0.00040896522099328423
0.13980485720422348 0.6189027559760891 0.13654489331514066 0.006847172723732814 0.00016257130679685908 -0.00016925420894463154 -6.604325517776323e-5
0.5152015219471776 -0.14596048037901405 -0.053574049613329525 -0.003741612745544442 -0.0002631513941855079 1.605101948671273e-5 -7.784056757263396e-6
-0.36651211919209786 0.012120561020505951 0.015013094152646464 0.0008640881543417929 3.91468835479022e-5 -4.4112070346430955e-6 1.0994183968142584e-5
0.1455559868016703 0.0015563029679280087 -0.004130251991772447 -0.00018202294767728192 -2.990714721508447e-6 1.6879739122015714e-6 -4.330142282124592e-6
-0.044150606233630325 -0.0012001707597518246 0.0009229187881013387 3.7942439616997175e-6 -5.227043416720812e-6 -1.1332805036149175e-6 1.1605082343738547e-6
0.011289130834332764 0.0003996193049915578 -0.0001729066687053539 1.1261878233342603e-5 2.9090672007465357e-6 4.672946677414647e-7 -2.5294750930231814e-7
0.0 0.0 0.0 0.0 0.0 0.0 0.0
0.024146532104855692 0.1425330601795283 -0.5885836276409628 -0.250873000922073 -0.04657596004066479 -0.006818491375881652 -0.0008763092301360118
0.3906004565880408 -0.20810304540730254 0.08595967703903366 0.053966787454729256 0.009871913896996357 0.00144663365412677 0.0001728608204264178
0.368393881629579 0.294520209809933 0.015233584599913934 -0.011350677997581807 -0.002189139191634951 -0.0003739504512789339 -7.319149837280789e-5
-0.3028137618520103 -0.16154507478636565 -0.016116165800939785 0.0019484920311180968 0.0004233223430954764 9.352430475208371e-5 2.8577473668079593e-5
0.12304051540237122 0.058153192976015115 0.005967219183432069 -0.00043333018246274066 -9.869418118787882e-5 -2.5001076205952644e-5 -8.996023832113485e-6
-0.03764957315911802 -0.016576132934421183 -0.0015098363449461715 0.00015301882664180304 3.108791285808976e-5 7.130266917724865e-6 2.42867041547814e-6
0.009676496259040662 0.004059989779827537 0.000306328552525861 -5.2907799159550086e-5 -9.733878105369203e-6 -1.933864278035033e-6 -5.795318239781703e-7
0.0 0.0 0.0 0.0 0.0 0.0 0.0
-0.11512358635645635 0.37925784680014824 -0.47511026460652933 -0.2271978228435484 -0.042883242157671204 -0.006370376543707768 -0.0008330727549057421
-0.31000961986382075 0.3602351622800702 0.3443520903782979 0.10144989470061473 0.016851143061227203 0.0022277130122164935 0.0002565825438966233
-0.14508255585563 -0.3173489093186912 -0.17193359300908767 -0.04266860606353963 -0.0066476616547181825 -0.0008059330903153975 -6.931427998134324e-5
0.1416549987328588 0.1530772676383832 0.06615636399871946 0.014814679511574773 0.002191489047998323 0.00024659734402479415 1.4534978217540882e-5
-0.05888822733831377 -0.05309316678225454 -0.02089865955015198 -0.004418647369375538 -0.0006272472107805268 -6.684626486879696e-5 -2.8139830096407365e-6
0.018202587585485215 0.014724809014022249 0.005601505820639159 0.0011582664608089184 0.00015975166167955717 1.649169564437992e-5 5.738098587320125e-7
-0.00471176247775791 -0.0035200502036491234 -0.0013330400487214053 -0.0002750475093805893 -3.7229613618355115e-5 -3.7854348420196835e-6 -1.2905946410035025e-7
