0.9999896961145486 2.7117018609247015e-15 1.2993939238825145e-17 -2.5085542596634308e-18 2.910631703725727e-19 5.662299982683216e-20 3.35560390130388e-20
-2.7074046959354283e-17 0.004539517069690092 5.361350280196416e-18 4.778144153975209e-19 -2.2975171206009572e-20 5.523686889399441e-20 -3.3523439281822887e-21
8.810996615248828e-18 -1.7742789151530497e-18 2.1200561304475217e-5 -1.3084664819366297e-19 5.306926093265744e-21 -7.594337747637831e-21 5.779879943482968e-22
-8.276517134312678e-18 1.1455476386324962e-18 -2.5006549297280877e-19 2.0671768878194963e-7 4.5790495595128545e-23 -7.460761572266371e-21 2.915522022791844e-22
6.06682302142036e-18 -2.2908640810009618e-20 3.607000032741479e-20 2.6464540767388877e-20 1.2149245568826326e-9 1.0490366812533778e-20 2.919916036886943e-22
-7.227656238105844e-18 1.1625532569493825e-19 1.1327130694186147e-19 -2.3407689587552366e-20 5.063384624075743e-22 5.242578859434374e-10 5.668848609192384e-22
4.284201493821137e-19 -7.739904181885264e-20 -1.9681214874620484e-20 2.5612176463709404e-21 -3.661532892045859e-23 -9.247632230160881e-22 9.229042177926155e-12
0.0 0.0 0.0 0.0 0.0 0.0 0.0
-1.6379274920857174e-6 0.9956619143672026 0.027651899008245828 -0.008721383685689957 -0.00014598873346366404 0.001055075842255728 7.323897580553279e-5
0.0879617360689695 0.0003608372928686357 0.005723678316359284 0.0004184959951966959 4.044157611128674e-6 3.564705998839186e-5 -5.058391261611774e-6
0.006688206213210298 0.0006562174039327644 -5.492117529993057e-6 2.9666116470313862e-5 -1.065955844931493e-6 -1.7420131698888224e-6 -3.7967252468831796e-8
0.00010573513080308908 6.751435959554948e-5 5.121232504551572e-6 -1.0429423290735105e-8 1.9319815847973318e-9 -2.7440599398144273e-7 2.831398365351969e-9
-9.27433960317169e-5 -1.1277973894764603e-5 -1.000644439080454e-6 -3.086634792529194e-8 3.869757814351159e-9 4.1252769728782295e-9 -1.9973392997271762e-9
7.261978888975732e-6 -2.8147256257587305e-7 -1.622312805207999e-7 -2.4630644724715814e-8 6.429440327638716e-10 6.182974570863068e-10 -4.559738791210442e-10
4.035098221125114e-6 3.911077671127882e-7 4.6952913402386687e-8 4.925161606634899e-9 -5.649218238194478e-11 -3.1886009874288493e-10 -6.650650759856751e-13
0.0 0.0 0.0 0.0 0.0 0.0 0.0
3.040215492746298e-5 0.0881629678266194 0.002794214311575722 -0.0008404757137768308 -1.329005999294484e-5 0.00010658031530118291 7.087831488128087e-6
-0.9921447943035057 -0.006696802915105014 0.0004223340914330554 6.304886638106153e-5 9.061873663253743e-7 1.2080941922233806e-6 -6.784008829739397e-7
-0.08806397093401284 -0.007689915361606589 -7.501565578104787e-5 2.796776999937074e-6 -5.2218778074676405e-8 -5.627824284382815e-7 -6.257473182967207e-9
-0.00233880247366783 -0.000897384910721665 -5.307895803204486e-5 -7.160917412431765e-7 1.4945231703560945e-8 -5.7699929467794454e-8 1.4999957489151736e-9
0.001312654313561454 0.0001607317095158031 1.413832180834046e-5 5.549761879344662e-7 -8.165548707661335e-9 6.829216047997787e-9 -1.1318719643635108e-10
-9.243570929475088e-5 6.817648648179714e-6 2.1983123645884797e-6 2.7788382900946773e-7 -1.5419265311717766e-11 -1.1479791639786036e-8 -3.203165550796354e-10
-5.413381276917969e-5 -5.971538261212841e-6 -7.103998461903989e-7 -7.092566418292111e-8 4.185584003045134e-10 2.29929783953243e-9 1.0826448020265497e-10
0.0 0.0 0.0 0.0 0.0 0.0 0.0
-0.00305625183189118 -0.0075562269402983905 0.3093280723693393 0.03293412907177155 -2.3572395718672024e-5 0.003676306725320297 -0.000472737168901914
-0.062481372423904114 0.6732090050937972 0.023607084927384232 -0.0033245804861031835 -0.0001601066421184712 0.000482075256609828 3.631840763025596e-5
0.6440080119299 0.06802812164704941 0.008327708179789135 -3.490540839640491e-6 -8.123143318106223e-6 8.974765951897813e-5 -3.56473732659714e-7
0.156326752709743 0.009879352330452843 0.000936428272543861 8.921043624837969e-5 -1.764406742054607e-6 3.815807477555156e-6 -5.176996852046637e-7
-0.03819529306123956 -0.003933579366314329 -0.0002543780452128533 -1.6535493173301178e-5 5.777932889363006e-7 -7.30570992983986e-7 5.7593801642437657e-8
-0.003327187665656727 -0.0006419935317016552 -4.251203007152764e-5 -4.879754168287898e-6 7.612466151594856e-8 4.1981817872718066e-7 6.356214854042724e-9
0.0015489761871583538 0.0002668941951879732 1.7815634544154578e-5 1.2014701858401735e-6 -3.0907224421021464e-8 -2.601005976063393e-8 -8.708263205240789e-10
0.0 0.0 0.0 0.0 0.0 0.0 0.0
0.0015024414510594528 0.0188724660269943 -0.6757973813065233 -0.07259336097263074 6.0983237941499744e-5 -0.008068993688322522 0.001045584154424005
-0.05426622651450982 -0.33094814064346656 -0.01159001683399045 -0.001740550131646699 0.0001862887014505027 0.0002013713188048587 -6.7308218616915876e-6
0.6314916092276458 -0.01902804045241984 -0.003831323136808415 -3.509790664050941e-5 4.734388682442148e-6 -2.068584244196237e-5 -1.2627789720502222e-6
0.15581363968919879 0.00765355277207224 -0.00021940364995712316 -4.953781473902502e-5 7.280838716367232e-7 -1.8642083552950447e-7 2.0199913454035497e-7
-0.03844035805598746 -0.0026466800412982367 -2.6032964809590406e-5 6.008892373653538e-6 -1.8309310237327142e-7 -6.720586708173276e-8 -2.8770496317263504e-8
-0.00344399565638253 -0.0007394977856346365 -3.713507203475276e-5 -4.5942728838604356e-7 -2.332118680510975e-8 -1.7678518189797748e-7 1.8955921815264384e-9
0.001581800270523938 0.00021534650258707585 9.146183165379077e-6 1.734053621088362e-7 9.434752908070145e-9 2.2539519546556358e-8 -1.0564820734761949e-9
0.0 0.0 0.0 0.0 0.0 0.0 0.0
-0.0029699966834760374 0.017351105444258 -0.6597496755494644 -0.07131570618034484 6.785004962550269e-5 -0.007917572134386574 0.0010305910145053862
0.02577950989106044 0.654210007506925 0.024081149097741457 -0.009675728648544513 3.9931109041326425e-5 0.0013204962609873808 5.785524644065133e-5
-0.34503667702197605 0.053848773335115056 0.007951004992477431 4.7277977643289235e-5 -3.400324335750514e-6 0.00012177050273573558 -4.0645933384766434e-6
-0.08631894328307908 -0.00296605550627535 0.0007038795732899389 9.172415647075603e-5 -1.1481684953376155e-6 2.1268431278307305e-6 -7.636018263313406e-7
0.02147435472588289 0.0008122472115646751 -0.00010245634828211349 -1.474766032098855e-5 4.758667867507816e-7 -3.1370743268579887e-7 6.430527196933537e-8
0.001969312448699302 0.00045844253952049093 1.7171752186789673e-5 -2.014180284646769e-6 6.184965496480634e-8 3.790387173201429e-7 7.174347036608991e-10
-0.0008946984997367831 -9.376714246649071e-5 -5.657693237608598e-7 4.477891810609362e-7 -2.5547557828136598e-8 -3.7058076631598956e-8 2.4586878066357333e-10
