0.9999884008906013 3.68841968904973e-15 2.2144306925448285e-17 -3.938386297194903e-20 6.687175874406953e-20 -2.4213338468894357e-21 3.5045050184516855e-20
-7.13391712243264e-17 0.004816380616658038 1.819122901614615e-17 -7.542208270514949e-19 3.760044023671163e-20 2.357121129958743e-20 8.32174593079373e-21
9.705697655860533e-18 -7.06992648357874e-18 2.370578502499264e-5 -1.1213238093960283e-19 1.397977404649101e-20 2.6339104334833095e-20 9.083327973613552e-22
-1.9389560729132604e-18 -2.513489750335688e-18 6.769537086202459e-19 2.2073227933770817e-7 5.141379602349787e-21 1.0701430058746065e-20 2.4133104540120283e-22
-2.243483471286227e-19 6.479232517251115e-19 -1.827626192394731e-19 2.1062080969612087e-20 1.8666043364461774e-9 -6.7057963104985605e-22 -1.2182792329435928e-22
5.494759210589777e-18 -2.192553131524887e-19 6.863324931407972e-20 -4.457364254045423e-21 3.1884694434339374e-22 1.3708237266658201e-9 -1.7057672657069872e-22
-1.436720262652648e-19 -1.0728055805954707e-19 2.5682507613013152e-20 -4.019466642522924e-21 1.268796375071873e-22 -5.158795186299891e-22 6.253253844923301e-12
0.0 0.0 0.0 0.0 0.0 0.0 0.0
2.0436085137777567e-5 -0.7394351981761048 -0.015550643842685006 0.0063057081284793575 3.519700317924457e-5 -0.0006259671401367157 -4.127084690443953e-5
-0.6701257189164799 -0.004242776376759746 -0.0045740250236127765 -0.0002709874318353516 -9.294977330338301e-6 -2.8096774211921525e-5 3.311509246802243e-6
-0.06171805766093941 -0.005555266801785399 -4.311664031236583e-5 -2.4849612335662697e-5 1.1940048063534071e-6 1.231947620242746e-6 1.6031937072076228e-8
-0.002111160753134441 -0.0006483668943165635 -3.970158256256997e-5 -3.5835141153401077e-7 4.6304287026367114e-8 1.982265573243271e-7 -3.6424438492847337e-9
0.0010437229281107074 0.00012414922146129277 1.0604804525113732e-5 4.0939290140203024e-7 -8.179310123293416e-9 -6.268743461125715e-9 1.5746813408160908e-9
-0.00040063580275680595 -1.2694919031289026e-5 1.4957798654289689e-6 3.2534913608673334e-7 -6.215076807213662e-10 -1.318997817419414e-8 3.3853169960319664e-10
-7.094444690518459e-5 -6.253490123319625e-6 -4.849486008324779e-7 -1.8826265136772453e-8 3.8718926850016437e-10 -1.033307754634299e-9 2.1771144962287997e-11
0.0 0.0 0.0 0.0 0.0 0.0 0.0
-2.6652715010398157e-5 -0.6728075270261226 -0.014467362879372316 0.005834736050752349 3.074348006081619e-5 -0.000582979492110266 -3.8238669935756354e-5
0.7362737384056877 0.005533351601538618 -0.004062964673877922 -0.0002791882460847605 -9.052776667467516e-6 -2.354298073250452e-5 3.245332520446759e-6
0.06995288924421499 0.006164445238428623 7.079839820986815e-5 -2.311905844329875e-5 1.1016719824887484e-6 1.6358018049498073e-6 1.4277136891929834e-8
0.002548127861915689 0.0007360034561636016 4.3278567970858226e-5 6.097698582292634e-7 2.423530974926738e-8 2.1858854240510018e-7 -4.936439071431551e-9
-0.0011975208729635 -0.00014287969855810912 -1.2167350108755171e-5 -4.815189908011363e-7 1.530541843873269e-10 -3.452397878352112e-9 1.797619867119827e-9
0.00045508502260462215 1.3686931336826522e-5 -1.6676587283889558e-6 -3.505967148056308e-7 -4.436232747830589e-10 1.8795589690478157e-8 7.95558565680607e-10
8.121695168176953e-5 7.225745060967818e-6 5.60625840860129e-7 2.2141345727477907e-8 -3.4383410859996367e-10 1.4205359732592961e-9 -5.897216918522596e-11
0.0 0.0 0.0 0.0 0.0 0.0 0.0
-0.0006021421628807029 0.001318168138305814 0.007582300843215129 0.0006164522877155137 1.7698574303903183e-5 8.317422899618822e-5 -8.383531487639443e-6
-0.09174057230778915 0.12500953770868328 0.0034367265107051684 -0.0008465209402605427 -7.672274097892448e-6 9.604449304979135e-5 5.365205864487679e-6
0.9583191032076559 0.02546774820491073 0.0017574394578592856 -4.0339088011761536e-5 5.525934686806712e-7 1.8871107598577986e-5 -7.11454934789327e-8
0.23171455802258234 0.012982406883390545 0.0003753684832964605 1.253793633062198e-5 -2.9391152226968696e-7 1.7508800605174392e-6 -6.672442750009107e-8
-0.05440308224450329 -0.004669520992836282 -0.00016551345430753476 -4.720626540490856e-6 1.274512502931886e-7 -3.352953723754343e-7 1.2239107202752449e-8
0.0017521145315926136 -0.001048321016887507 -6.611587439817703e-5 -4.4877704491817134e-6 3.881342401429714e-8 2.823805618042706e-7 6.356775562814191e-9
0.0032345157287324666 0.00028941959968873515 1.0150664855694793e-5 1.2011118363685203e-8 -5.07593861063341e-9 4.6450646826862925e-8 -7.735549099829993e-10
0.0 0.0 0.0 0.0 0.0 0.0 0.0
-0.0047200698513489535 -0.0022458578550381167 0.12048676768861956 0.010760838170214624 0.0002810287998233984 0.0013269728279084163 -0.00014602733118824584
0.004049968328406486 0.9799320318097451 0.02894652749006956 -0.0069647357834577775 -7.457565902435775e-5 0.0008052305478144644 4.6298181826813855e-5
-0.12257565103739665 0.08866897076364322 0.012209252509665813 -1.968713121094472e-5 1.1218336167934923e-5 0.00012826381202773145 -2.5000458529723215e-6
-0.03258842866833864 0.0013800544689707252 0.0012224429121423272 0.00013216441993999512 -1.715486591605686e-6 4.08507306577287e-6 -7.505186223836384e-7
0.008032716125149797 -0.0009024627081441969 -0.00024083521220412938 -2.3451777028354982e-5 8.154982033004919e-7 -5.298149180742431e-7 7.754150129622286e-8
-4.5731450132892406e-5 0.0007605327345308645 4.498177770880941e-5 -6.15434599470844e-6 2.891205663307669e-7 1.3920161402662246e-6 -7.308794643235099e-9
-0.0004887215167043086 6.458411029711604e-5 1.243594188867029e-5 8.545797694046473e-7 -3.651382398066774e-8 5.2130475565671664e-8 -2.906940326870231e-9
0.0 0.0 0.0 0.0 0.0 0.0 0.0
0.0005785268509905175 -0.020247554730825453 0.9880872119840602 0.09158261368460982 0.002309446700383844 0.011226291855468825 -0.0012613533634122042
0.0004483104752800317 -0.12010721443641306 -0.004734235939639886 0.00792446351244076 -0.0003743402741695705 -0.000960698199779636 -1.93752164291223e-5
0.007681564873714995 -0.013179660864276254 -0.0016062589911168379 -8.869437633986981e-6 -1.3415647930921972e-5 -5.864483582933311e-5 4.06091505571113e-6
0.0022018254795699126 -0.0005161928211298543 -0.0001877314026845938 -1.5544114172062984e-5 -1.0451874129358179e-7 -5.063305029464462e-7 2.8117855304070827e-7
-0.0005656079296446986 0.00019964799088185954 4.012908716698439e-5 3.609666095032163e-6 -1.1021472598741101e-7 1.0300744929188311e-7 -1.570383444042146e-8
-8.201209566282123e-6 -9.98253083434727e-5 -4.761428016833245e-6 1.0149100245149231e-6 -3.6747848179957275e-8 -1.7671718477733417e-7 3.1264801916205336e-9
3.516801371445844e-5 -1.3511758934950329e-5 -2.1262127523754543e-6 -1.3985991098593703e-7 5.433405397273703e-9 -8.845856009880223e-9 6.191557357350585e-10
