0.8967951721994781 0.2669218601287942 0.04183887542134952 0.006041949258266681 0.0008344250509678003 3.9017953218308014e-5 -3.7788320966937705e-5
-0.31113605677160033 -0.08866283500165781 -0.013188731887721359 -0.0018397581477548398 -0.0002464814001042785 -9.750408173463138e-6 1.2358643211628905e-5
0.12296720688186395 0.03374577234742094 0.004797018691678489 0.0006493048183205372 8.456805289017173e-5 2.8354567069674434e-6 -4.587924601032854e-6
-0.03707011482300153 -0.009775993814262947 -0.0013248171736033696 -0.00017360636912559294 -2.1884710497303284e-5 -6.020261630602708e-7 1.2756986769637022e-6
0.010406966102060674 0.002644959433594662 0.0003429802101588377 4.3553915694723925e-5 5.306846493411968e-6 1.1868151478817693e-7 -3.263348073208599e-7
-0.0028384302910142824 -0.0007034916744610555 -8.866583740084478e-5 -1.099370706137206e-5 -1.302029801577098e-6 -2.5867292617036695e-8 8.082361486162154e-8
0.0007709890757364765 0.00018960923409562766 2.3751501458114263e-5 2.9113787407557924e-6 3.392997172983095e-7 6.99875788671394e-9 -2.017784712062887e-8
0.0 0.0 0.0 0.0 0.0 0.0 0.0
-0.025070733328798292 -0.6875842430124398 -0.24561278321002392 -0.04343809677525872 -0.006238928591027136 -0.0006463940174350699 -4.0677308903102415e-5
-0.5577501205339725 0.06448363410766393 0.05315325356327187 0.009495255765754985 0.0013077761797461525 0.00015381237227021682 3.4054778137918015e-5
0.3544815981890158 0.011083367178133482 -0.014681049917711582 -0.0026435803293652052 -0.00035009756426149664 -4.6955076230293664e-5 -1.726793632614894e-5
-0.13468902745580594 -0.009695948925742638 0.0033864509893499293 0.0006035331479507842 7.687480417018988e-5 1.1483822782561333e-5 5.666620490873166e-6
0.04231286157769191 0.003494761421316879 -0.000823232289291375 -0.00014158580008600055 -1.7453418100954303e-5 -2.7261221284100853e-6 -1.5707089640855645e-6
-0.011249198279056344 -0.000762052803129843 0.00025121957522329224 4.0807868586618196e-5 4.988878031209602e-6 6.95231930957955e-7 3.74668254967192e-7
0.002616962127394759 7.229343514213852e-5 -8.76980952271704e-5 -1.367575111471496e-5 -1.6800262614736213e-6 -1.9513087319983214e-7 -8.011880475291575e-8
0.0 0.0 0.0 0.0 0.0 0.0 0.0
0.4187580856796562 -0.49062941907600266 -0.20197102570258665 -0.03632837112118208 -0.005211545937241953 -0.0005647903603568739 -5.78639255987405e-5
0.4782429330927272 0.363351328941844 0.09838199914971557 0.016032105711595926 0.0022236181183956935 0.00019432821543601773 -1.1045148742887722e-5
-0.3347503044561287 -0.1837633764191168 -0.04342965376083181 -0.006689020592819991 -0.0009001888229126947 -6.879116940304824e-5 1.0976433143582805e-5
0.1306514052509657 0.06227094231075453 0.01347638017744996 0.001972689489909781 0.00025658180532574975 1.7324203307276774e-5 -4.410848562249985e-6
-0.04138351691116908 -0.01829930625538135 -0.0037319674814088473 -0.0005229696273278445 -6.575641970237401e-5 -3.993269357457184e-6 1.3357777301786487e-6
0.010911689278642169 0.004772645287637676 0.0009531076403467201 0.00012964696936320415 1.5825017486486368e-5 9.131138283317259e-7 -3.213370252073097e-7
-0.0024733959488359176 -0.0011466312970963258 -0.00023416262817061958 -3.154603976704971e-5 -3.77657665530509e-6 -2.2375962342703425e-7 6.388933381757329e-8
0.0 0.0 0.0 0.0 0.0 0.0 0.0
0.05794464861560838 0.059725393070918044 0.025264634042003176 0.006009609917987011 0.0009890222536065568 0.00012243078565777593 9.462818242982793e-6
0.4770214423537466 0.2462107807651622 0.05830577632475434 0.009471273810122298 0.0013665553826717257 0.000113673181030097 -1.7555337808207128e-5
0.6137844027761843 0.13358425274378524 0.012251996269934555 0.0015221807262808663 0.00022166794200049493 -6.879425964656444e-6 -2.874947036824995e-5
-0.49743495980369945 -0.12566325328103525 -0.01596418809371063 -0.002188398223148363 -0.0003010642601888415 -7.21080883302062e-6 2.0837564535245734e-5
0.19180175055963714 0.04694668284608953 0.005729494074445022 0.0007575268913436499 9.976178984488772e-5 1.7196960928484778e-6 -7.327457075668273e-6
-0.055851589940503966 -0.013146380501695289 -0.0015298218427738956 -0.00019620485668282993 -2.4855861732042065e-5 -2.9083443572206643e-7 1.925562654657322e-6
0.01373556770894248 0.0031253630346713733 0.00034965618109789596 4.3725196120340866e-5 5.338925019440571e-6 4.305790950803104e-8 -4.2545101818704767e-7
0.0 0.0 0.0 0.0 0.0 0.0 0.0
-0.10392506852610596 0.2580721851937474 0.21377751894994354 0.06353317424906951 0.011039239074883522 0.001511061163284346 0.0001798678848381618
-0.28188503771640544 0.66088861428454 0.22607428423785092 0.03455391494847564 0.004678387700863082 0.0004413141002010428 2.8765047842843755e-5
0.06688615226233369 -0.47785742482514504 -0.15862903823944674 -0.024841321888194545 -0.003374622521088908 -0.0003151148159473928 -1.6205175037606213e-5
0.005373059506028434 0.19320418706061052 0.060415761850483654 0.009071853848298466 0.001194668071011657 0.00010345501579942047 3.2081986868879876e-6
-0.004817444969315407 -0.06163235229145986 -0.018378129416817112 -0.0026289899365000233 -0.00033465869472813726 -2.6810682975666032e-5 -4.4989346456810397e-7
0.0016001363462424957 0.01637028401061892 0.004646654603147061 0.000626561853656126 7.664599630180489e-5 5.568244396834295e-6 1.0758630799600252e-9
-0.0004272370140368381 -0.0037723718487062794 -0.0010131774990669853 -0.0001267620941988524 -1.4749035479874273e-5 -9.278453880676853e-7 2.5995185593005627e-8
0.0 0.0 0.0 0.0 0.0 0.0 0.0
0.06517997225066592 -0.3451244138608175 0.7856546198063643 0.34630032444873726 0.06505068398289063 0.009595294354334375 0.0012441312613286426
0.012874101158705383 0.025453711062192203 -0.3116782806024978 -0.1218659062317067 -0.021413556271823918 -0.0030067265561939767 -0.00036870440600574
-0.005333942459720644 0.01301968672756212 0.13125013876007455 0.04758523821743914 0.007926977180936342 0.0010691827340972074 0.0001245212768112266
0.0006228802588266112 -0.00844960859434259 -0.04086004697447451 -0.013916971215006436 -0.0021969295156054657 -0.0002845092418623067 -3.130849313724457e-5
-9.361561529626422e-5 0.0029567546839956785 0.011595117140630832 0.003762735104532774 0.0005658096411255928 7.060294515119202e-5 7.359765413785753e-6
-1.1491195210987413e-6 -0.0007004534683978304 -0.0031090580744273844 -0.0009867721375069038 -0.00014382531340395073 -1.7504277932393375e-5 -1.7586952813481063e-6
1.3514699585335268e-5 0.00010444123146227715 0.0008130497807440822 0.0002600185467881485 3.7652493426874065e-5 4.546363978163207e-6 4.5246236230170917e-7
