-0.8072531597339174 -0.22604773579886348 -0.03609395494430204 -0.005331091745016528 -0.0006838486928925148 -8.838285766915508e-6 2.627724837477037e-5
0.494658354595919 0.1332904141168018 0.02036651103872874 0.0029200223887315678 0.0003641849458433156 1.2332883776446626e-6 -1.5481406822723424e-5
-0.16963308232444219 -0.04351922778394432 -0.006283824808278005 -0.0008673880270467799 -0.00010421360813594708 9.272661726052031e-7 4.980934849741767e-6
-0.04575359495674144 -0.011215327009282738 -0.0015367528720694073 -0.00020465112871322186 -2.3680683568526477e-5 4.693082403388114e-7 1.2395048467781638e-6
-0.0097606357630258 -0.002279945827354105 -0.0002953543636384529 -3.782188653063607e-5 -4.192853063617378e-6 1.317024717335573e-7 2.394849458392915e-7
-0.002050276520883651 -0.00045803015304205646 -5.632027626855515e-5 -6.945141833991901e-6 -7.374557587708371e-7 3.061193062387169e-8 4.501079226253969e-8
-0.0005433185917252452 -0.00012152474142362457 -1.5020493286580356e-5 -1.843406693507369e-6 -1.9416026125218755e-7 6.9200953208155144e-9 1.0979486016502389e-8
0.0 0.0 0.0 0.0 0.0 0.0 0.0
-0.4864293612556286 -0.1698448124688108 -0.033292465571032416 -0.005365555787598923 -0.0007291615746798 -3.6418925946617384e-5 1.4543707404794228e-5
-0.621803546155786 -0.16343930960366915 -0.0243631825699647 -0.0035432422605151735 -0.00045431302798541165 6.315868015910695e-7 2.1263936647335653e-5
0.5141311006832007 0.13511953874590366 0.020117036077609198 0.0028679853354461804 0.00035713020596812894 -6.409827634207434e-7 -1.6240651144855845e-5
0.17912041365248144 0.04474235042635248 0.0062714676770305785 0.000857078682970386 0.00010224189428115402 -1.579271668254815e-6 -5.246746172698189e-6
0.045473447104022395 0.010853172815454042 0.0014436538649219236 0.00019018183331057358 2.179477991299652e-5 -5.682866689544158e-7 -1.211918335743114e-6
0.010770973095846938 0.0024673935826535673 0.0003128470018918771 3.974486496074529e-5 4.369268547873624e-6 -1.55083379799033e-7 -2.582013068352783e-7
0.002384695354343842 0.0005282128155287884 6.439130330644775e-5 7.944926414795316e-6 8.447546171919274e-7 -3.537921318440341e-8 -5.1571539944088254e-8
0.0 0.0 0.0 0.0 0.0 0.0 0.0
-0.24023519791529874 0.7529437334565097 0.2728698756308012 0.04975028833204257 0.007040144031493536 0.0007637473275240575 8.045108606643327e-5
0.11238114951440999 -0.4740092015330493 -0.1629523053515644 -0.028345339051434524 -0.0038743192427823088 -0.0003970347504711467 -3.89454535186293e-5
-0.030082653974468698 0.16569250003389735 0.053644554074423194 0.008793210262891904 0.0011503049436805822 0.00010940525204729082 9.843251193565555e-6
-0.008007045831727575 0.04483656928713884 0.013818569480134124 0.002144656988618596 0.000269334933364406 2.3877481751896762e-5 2.0189578054250507e-6
-0.0017310258568266695 0.009587939271443777 0.002806469174267156 0.00041082962141130087 4.936990933354114e-5 4.0352125745508645e-6 3.1909713010241805e-7
-0.00036625973641275116 0.0020187404114544952 0.0005631723608881787 7.806379537037926e-5 8.9959940063828e-6 6.77554439599479e-7 5.029748472832167e-8
-0.0001126909641120688 0.0005304838558781411 0.00014853001913466812 2.0682250211604893e-5 2.3769005019430844e-6 1.8150033299885732e-7 1.4066531773362853e-8
0.0 0.0 0.0 0.0 0.0 0.0 0.0
0.15273509090348755 0.07228555670366843 0.01807442926081659 0.003306441918515992 0.0004835555718688565 4.112125672554825e-5 -1.9121889718293626e-6
0.5046616009822791 0.1771202351542965 0.03476340197668213 0.005614598628610198 0.0007681483439045857 3.857661483615583e-5 -1.5420862401030056e-5
0.5912205605841693 0.14870187239646016 0.021010988245678756 0.0029992855940055682 0.0003807401335360781 -5.452442804129212e-6 -2.0530222081545457e-5
0.512075813233236 0.13225744078621773 0.019331209161400624 0.0027382548625800376 0.00033922420158239233 -1.8742429035272239e-6 -1.6087788938944464e-5
0.16693628648994763 0.04088605723729775 0.0056040426022200196 0.0007575277978974427 8.939881038647433e-5 -1.8226697210922856e-6 -4.801069006020518e-6
0.042976926090971417 0.010054673344872173 0.0013074341242004254 0.0001704049947097209 1.931458557673139e-5 -5.928400484675676e-7 -1.1163948951472146e-6
0.009387454006180641 0.002101184553959933 0.00025890147450214967 3.2424066125357156e-5 3.510659106259627e-6 -1.4843558778877545e-7 -2.1878464301800973e-7
0.0 0.0 0.0 0.0 0.0 0.0 0.0
-0.15180016809201965 0.4497585485746181 0.19968127802202562 0.04393381165683971 0.0069081120506205755 0.0008580918714496989 0.00010025146489797325
-0.19853131720320374 0.5743158038512308 0.19930979953381217 0.03458844607440459 0.004802858867764738 0.0005066987995095426 5.283544185736096e-5
0.11461160077286518 -0.4933619242174837 -0.16641540370575914 -0.02840595579884703 -0.0038547792186639077 -0.0003896418718897966 -3.774077121708949e-5
0.025449875690611592 -0.1769830023068523 -0.05579450239007006 -0.008925601138363668 -0.0011533134835052822 -0.00010667344718624206 -9.180832080005607e-6
0.005443356787921776 -0.04530440826758014 -0.01354807331762466 -0.0020496443142686083 -0.00025397547194165544 -2.174977234910106e-5 -1.7230165935929042e-6
0.001347138015766842 -0.010734289135698379 -0.003071713679974822 -0.00044175725055287823 -5.2574081351363995e-5 -4.178674216626769e-6 -3.104211617561008e-7
0.0003373574126022045 -0.002367821881912006 -0.0006554033726673961 -9.059327401865704e-5 -1.044511304358474e-5 -7.84786722456378e-7 -5.659735721391528e-8
0.0 0.0 0.0 0.0 0.0 0.0 0.0
0.046194083379361865 -0.2857298088458561 0.7200482493452945 0.3086440693967224 0.059125178969286186 0.008802875732729625 0.0011536783164471597
-0.01703956204629333 0.1402574447841362 -0.45807259715223775 -0.18498990543208388 -0.0336757407179359 -0.004834666359216231 -0.0006109403465600645
0.004114340154098487 -0.041018078799553784 0.16078081923790047 0.06091637685789481 0.01040821141824348 0.0014288470966037727 0.00017192370868632784
0.0018831999770505421 -0.011510462465835931 0.04337300990735707 0.015640445703566264 0.0025229484429620135 0.00033264245169384706 3.8075319398304826e-5
0.00063059014146129 -0.0025777994684125674 0.009254566929964922 0.0031674354499314277 0.0004803593978903827 6.06363873928214e-5 6.546161418810079e-6
0.0001635430556246663 -0.0005618998338836274 0.001946444031205364 0.0006341461544505563 9.077449409562247e-5 1.0992646422077147e-5 1.1178823478838894e-6
4.393184368589268e-5 -0.00016345624437523327 0.0005108206758356216 0.00016707599272071638 2.4049139165325337e-5 2.9036955845933473e-6 2.942309097228356e-7
